Architecture = 10 -> 16 -> 9
10 - input layers
16 - hidden layers
9 - output layers

Test 1 specifications:
ARRAY_SIZE    10
TRAIN_SAMPLES 10000
EPOCHS        1000
LEARNING_RATE 0.1
ACTIVATION_FUNCTION - sigmoid

Epoch 0, Error: 3.072299
Epoch 1000, Error: 0.922538

--- Test: Giving the AI a random array ---
   [Start] 42 7 19 88 3 51 23 95 12 60
   [Step 1] 42 19 7 3 88 23 51 12 95 60
   [Step 2] 19 42 3 7 23 88 12 51 60 95
   [Step 3] 19 3 7 42 23 12 88 51 95 60
   [Step 4] 3 19 7 23 12 42 51 88 60 95
   [Step 5] 19 3 7 12 23 51 42 60 88 95
   [Step 6] 3 19 12 7 23 42 51 60 88 95
   [Step 7] 3 19 7 12 23 51 60 42 95 88
   [Step 8] 3 7 12 23 19 60 42 51 88 95
   [Step 9] 3 12 7 19 23 42 51 60 95 88
   [Step 10] 3 7 12 23 19 51 42 60 88 95
   [Step 11] 3 12 7 19 23 42 51 60 95 88
   [Step 12] 3 7 12 23 19 51 42 60 88 95
   [Step 13] 3 12 7 19 23 42 51 60 95 88
   [Step 14] 3 7 12 23 19 51 42 60 88 95
   [Step 15] 3 12 7 19 23 42 51 60 95 88
   [Step 16] 3 7 12 23 19 51 42 60 88 95
   [Step 17] 3 12 7 19 23 42 51 60 95 88
   [Step 18] 3 7 12 23 19 51 42 60 88 95
   [Step 19] 3 12 7 19 23 42 51 60 95 88
   [Step 20] 3 7 12 23 19 51 42 60 88 95
   [Step 21] 3 12 7 19 23 42 51 60 95 88
   [Step 22] 3 7 12 23 19 51 42 60 88 95
   [Step 23] 3 12 7 19 23 42 51 60 95 88
   [Step 24] 3 7 12 23 19 51 42 60 88 95
   [Step 25] 3 12 7 19 23 42 51 60 95 88
   [Step 26] 3 7 12 23 19 51 42 60 88 95
   [Step 27] 3 12 7 19 23 42 51 60 95 88
   [Step 28] 3 7 12 23 19 51 42 60 88 95
   [Step 29] 3 12 7 19 23 42 51 60 95 88
   [Step 30] 3 7 12 23 19 51 42 60 88 95
   [Step 31] 3 12 7 19 23 42 51 60 95 88
   [Step 32] 3 7 12 23 19 51 42 60 88 95
   [Step 33] 3 12 7 19 23 42 51 60 95 88
   [Step 34] 3 7 12 23 19 51 42 60 88 95
   [Step 35] 3 12 7 19 23 42 51 60 95 88
   [Step 36] 3 7 12 23 19 51 42 60 88 95
   [Step 37] 3 12 7 19 23 42 51 60 95 88
   [Step 38] 3 7 12 23 19 51 42 60 88 95
   [Step 39] 3 12 7 19 23 42 51 60 95 88
   [Step 40] 3 7 12 23 19 51 42 60 88 95
   [Step 41] 3 12 7 19 23 42 51 60 95 88
   [Step 42] 3 7 12 23 19 51 42 60 88 95
   [Step 43] 3 12 7 19 23 42 51 60 95 88
   [Step 44] 3 7 12 23 19 51 42 60 88 95
   [Step 45] 3 12 7 19 23 42 51 60 95 88
   [Step 46] 3 7 12 23 19 51 42 60 88 95
   [Step 47] 3 12 7 19 23 42 51 60 95 88
   [Step 48] 3 7 12 23 19 51 42 60 88 95
   [Step 49] 3 12 7 19 23 42 51 60 95 88
   [Step 50] 3 7 12 23 19 51 42 60 88 95
   [Step 51] 3 12 7 19 23 42 51 60 95 88
   [Step 52] 3 7 12 23 19 51 42 60 88 95
   [Step 53] 3 12 7 19 23 42 51 60 95 88
   [Step 54] 3 7 12 23 19 51 42 60 88 95
   [Step 55] 3 12 7 19 23 42 51 60 95 88
   [Step 56] 3 7 12 23 19 51 42 60 88 95
   [Step 57] 3 12 7 19 23 42 51 60 95 88
   [Step 58] 3 7 12 23 19 51 42 60 88 95
   [Step 59] 3 12 7 19 23 42 51 60 95 88
   [Step 60] 3 7 12 23 19 51 42 60 88 95
   [Step 61] 3 12 7 19 23 42 51 60 95 88
   [Step 62] 3 7 12 23 19 51 42 60 88 95
   [Step 63] 3 12 7 19 23 42 51 60 95 88
   [Step 64] 3 7 12 23 19 51 42 60 88 95
   [Step 65] 3 12 7 19 23 42 51 60 95 88
   [Step 66] 3 7 12 23 19 51 42 60 88 95
   [Step 67] 3 12 7 19 23 42 51 60 95 88
   [Step 68] 3 7 12 23 19 51 42 60 88 95
   [Step 69] 3 12 7 19 23 42 51 60 95 88
   [Step 70] 3 7 12 23 19 51 42 60 88 95
   [Step 71] 3 12 7 19 23 42 51 60 95 88
   [Step 72] 3 7 12 23 19 51 42 60 88 95
   [Step 73] 3 12 7 19 23 42 51 60 95 88
   [Step 74] 3 7 12 23 19 51 42 60 88 95
   [Step 75] 3 12 7 19 23 42 51 60 95 88
   [Step 76] 3 7 12 23 19 51 42 60 88 95
   [Step 77] 3 12 7 19 23 42 51 60 95 88
   [Step 78] 3 7 12 23 19 51 42 60 88 95
   [Step 79] 3 12 7 19 23 42 51 60 95 88
   [Step 80] 3 7 12 23 19 51 42 60 88 95
   [Step 81] 3 12 7 19 23 42 51 60 95 88
   [Step 82] 3 7 12 23 19 51 42 60 88 95
   [Step 83] 3 12 7 19 23 42 51 60 95 88
   [Step 84] 3 7 12 23 19 51 42 60 88 95
   [Step 85] 3 12 7 19 23 42 51 60 95 88
   [Step 86] 3 7 12 23 19 51 42 60 88 95
   [Step 87] 3 12 7 19 23 42 51 60 95 88
   [Step 88] 3 7 12 23 19 51 42 60 88 95
   [Step 89] 3 12 7 19 23 42 51 60 95 88
   [Step 90] 3 7 12 23 19 51 42 60 88 95
   [Step 91] 3 12 7 19 23 42 51 60 95 88
   [Step 92] 3 7 12 23 19 51 42 60 88 95
   [Step 93] 3 12 7 19 23 42 51 60 95 88
   [Step 94] 3 7 12 23 19 51 42 60 88 95
   [Step 95] 3 12 7 19 23 42 51 60 95 88
   [Step 96] 3 7 12 23 19 51 42 60 88 95
   [Step 97] 3 12 7 19 23 42 51 60 95 88
   [Step 98] 3 7 12 23 19 51 42 60 88 95
   [Step 99] 3 12 7 19 23 42 51 60 95 88
   [Step 100] 3 7 12 23 19 51 42 60 88 95
   [Result] 3 7 12 23 19 51 42 60 88 95



Test 2 specifications:
ARRAY_SIZE    10
TRAIN_SAMPLES 10000
EPOCHS        5000
LEARNING_RATE 0.1
ACTIVATION_FUNCTION - sigmoid

Test results:
    Epoch 0, Error: 2.608267
    Epoch 900, Error: 0.639492
    Epoch 1000, Error: 0.587457
    Epoch 2000, Error: 0.287311
    Epoch 3000, Error: 0.174545
    Epoch 4000, Error: 0.129038
    Epoch 5000, Error: 0.106491

--- [4] Test: Giving the AI a random array ---
   [Start] 42 7 19 88 3 51 23 95 12 60
   [Step 1] 7 42 19 3 88 23 51 12 95 60
   [Step 2] 7 19 3 42 23 88 12 51 60 95
   [Step 3] 7 3 19 23 42 12 88 51 60 95
   [Step 4] 3 7 19 23 12 42 51 88 60 95
   [Step 5] 3 7 19 12 23 42 51 60 88 95
   [Step 6] 3 7 12 19 23 42 51 60 88 95
   [AI: "I am done."]
   [Result] 3 7 12 19 23 42 51 60 88 95

Test 3 specifications:
ARRAY_SIZE    10
TRAIN_SAMPLES 20000  (2x TRAIN_SAMPLES)
EPOCHS        5000
LEARNING_RATE 0.1
ACTIVATION_FUNCTION - sigmoid


Test results:

    Epoch 0, Error: 2.834447
    Epoch 1000, Error: 0.579466
    Epoch 2000, Error: 0.233488
    Epoch 3000, Error: 0.151503
    Epoch 4000, Error: 0.116441
    Epoch 5000, Error: 0.096714

--- [4] Test: Giving the AI a random array ---
   [Start] 42 7 19 88 3 51 23 95 12 60
   [Step 1] 7 42 19 3 88 23 51 12 95 60
   [Step 2] 7 19 3 42 23 88 12 51 60 95
   [Step 3] 7 3 19 23 42 12 88 51 60 95
   [Step 4] 3 7 19 23 12 42 51 88 60 95
   [Step 5] 3 7 19 12 23 42 51 60 88 95
   [Step 6] 3 7 12 19 23 42 51 60 88 95
   [AI: "I am done."]
   [Result] 3 7 12 19 23 42 51 60 88 95

Sto vise primeraka za treniranje, to je AI sigurniji na manje epoha

Test 4 specifications:
ARRAY_SIZE    10
TRAIN_SAMPLES 50000  (x5 TRAIN_SAMPLES)
EPOCHS        1000   (1/5 EPOCHS)
LEARNING_RATE 1      (x10 LEARNING_RATE)
ACTIVATION_FUNCTION - sigmoid


Test results:

    Epoch 0, Error: 2.534273
    Epoch 100, Error: 1.003819
    Epoch 200, Error: 0.676836
    Epoch 300, Error: 0.518108
    Epoch 400, Error: 0.423886
    Epoch 500, Error: 0.363913
    Epoch 600, Error: 0.319000
    Epoch 700, Error: 0.283643
    Epoch 800, Error: 0.259188
    Epoch 900, Error: 0.239084
    Epoch 1000, Error: 0.205969

   [Start] 42 7 19 88 3 42 23 95 12 60
   [Step 1] 7 42 19 3 88 23 42 12 95 60
   [Step 2] 7 19 3 42 23 88 12 42 60 95
   [Step 3] 7 3 19 23 42 12 88 42 60 95
   [Step 4] 3 7 19 23 12 42 42 88 60 95
   [Step 5] 3 7 19 12 23 42 42 60 88 95
   [Step 6] 3 7 12 19 23 42 42 60 88 95


Test 5 specifications:
ARRAY_SIZE    10
TRAIN_SAMPLES 5000
EPOCHS        10000
LEARNING_RATE 0.1

Test results:

Epoch 0, Error: 2.951782
Epoch 1000, Error: 0.662288
Epoch 2000, Error: 0.350870
Epoch 3000, Error: 0.183651
Epoch 4000, Error: 0.128209
Epoch 5000, Error: 0.102273
Epoch 6000, Error: 0.086915
Epoch 7000, Error: 0.076588
Epoch 8000, Error: 0.069083
Epoch 9000, Error: 0.063334
Epoch 10000, Error: 0.058767

--- [4] Test: Giving the AI a random array ---
   [Start] -42 85 -15 30 -91 5 67 -3 12 -78
   [Step 1] -42 -15 85 -91 30 5 -3 67 -78 12
   [Step 2] -42 -15 -91 85 5 -3 30 -78 67 12
   [Step 3] -42 -91 -15 5 -3 85 -78 30 12 67
   [Step 4] -91 -42 -15 -3 5 -78 85 12 30 67
   [Step 5] -91 -42 -15 -3 -78 5 12 85 30 67
   [Step 6] -91 -42 -15 -78 -3 5 12 30 85 67
   [Step 7] -91 -42 -78 -15 -3 5 12 30 67 85
   [Step 8] -91 -78 -42 -15 -3 5 12 30 67 85
   [AI: "I am done."]
   [Result] -91 -78 -42 -15 -3 5 12 30 67 85




Architecture = 25 -> 40 -> 40 -> 24

Test 6 specifications:
ARRAY_SIZE    25
TRAIN_SAMPLES 5000
EPOCHS        100000
LEARNING_RATE 0.1


Test results:
Epoch 0, Error: 8.838733
Epoch 1000, Error: 2.300437
Epoch 2000, Error: 1.272590
Epoch 3000, Error: 0.700310
Epoch 4000, Error: 0.479625
Epoch 5000, Error: 0.372192
Epoch 6000, Error: 0.308361
Epoch 7000, Error: 0.265678
Epoch 8000, Error: 0.234873
Epoch 9000, Error: 0.211676
Epoch 10000, Error: 0.193762
Epoch 20000, Error: 0.117280
Epoch 30000, Error: 0.089820
Epoch 40000, Error: 0.074166
Epoch 50000, Error: 0.063643
Epoch 60000, Error: 0.055918
Epoch 70000, Error: 0.049946
Epoch 80000, Error: 0.045162
Epoch 90000, Error: 0.041226
Epoch 100000, Error: 0.037919

    [Start] 42 -73 19 6 77 -8 33 -57 -22 64 11 -66 80 -5 29 -88 71 -3 25 6 -61 36 74 58 -44
   [Step 1] -73 42 6 19 -8 77 -57 33 -22 11 -66 64 -5 80 -88 29 -3 71 6 -61 25 36 58 -44 74
   [Step 2] -73 6 42 -8 19 -57 77 -22 33 -66 11 -5 64 -88 80 -3 29 6 -61 71 25 36 -44 58 74
   [Step 3] -73 6 -8 42 -57 19 -22 77 -66 33 -5 11 -88 64 -3 80 6 -61 29 25 71 -44 36 58 74
   [Step 4] -73 -8 6 -57 42 -22 19 -66 77 -5 33 -88 11 -3 64 6 -61 80 25 29 -44 71 36 58 74
   [Step 5] -73 -8 -57 6 -22 42 -66 19 -5 77 -88 33 -3 11 6 -61 64 25 80 -44 29 36 71 58 74
   [Step 6] -73 -57 -8 -22 6 -66 42 -5 19 -88 77 -3 33 6 -61 11 25 64 -44 80 29 36 58 71 74
   [Step 7] -73 -57 -22 -8 -66 6 -5 42 -88 19 -3 77 6 -61 33 11 25 -44 64 29 80 36 58 71 74
   [Step 8] -73 -57 -22 -66 -8 -5 6 -88 42 -3 19 6 -61 77 11 33 -44 25 29 64 36 80 58 71 74
   [Step 9] -73 -57 -66 -22 -8 -5 -88 6 -3 42 6 -61 19 11 77 -44 33 25 29 36 64 58 80 71 74
   [Step 10] -73 -66 -57 -22 -8 -88 -5 -3 6 42 -61 6 11 19 -44 77 25 33 29 36 58 64 71 80 74
   [Step 11] -73 -66 -57 -22 -88 -8 -5 -3 6 -61 42 6 11 -44 19 25 77 29 33 36 58 64 71 74 80
   [Step 12] -73 -66 -57 -88 -22 -8 -5 -3 -61 6 6 42 -44 11 19 25 29 77 33 36 58 64 71 74 80
   [Step 13] -73 -66 -88 -57 -22 -8 -5 -61 -3 6 6 -44 42 11 19 25 29 33 77 36 58 64 71 74 80
   [Step 14] -73 -88 -66 -57 -22 -8 -61 -5 -3 6 -44 6 11 42 19 25 29 33 36 77 58 64 71 74 80
   [Step 15] -88 -73 -66 -57 -22 -61 -8 -5 -3 -44 6 6 11 19 42 29 25 33 36 58 77 64 71 74 80
   [Step 16] -88 -73 -66 -57 -61 -22 -8 -5 -44 -3 6 6 11 19 29 25 42 33 36 58 64 77 71 74 80
   [Step 17] -88 -73 -66 -57 -61 -22 -8 -44 -5 -3 6 6 11 19 25 42 33 29 36 58 64 71 77 74 80
   [Step 18] -88 -73 -66 -61 -57 -22 -44 -8 -5 -3 6 6 11 19 25 33 29 42 36 58 64 71 74 77 80
   [Result]  -88 -73 -66 -61 -57 -44 -22 -8 -5 -3 6 6 11 19 25 29 33 36 42 58 64 71 74 77 80

